1
0.08942890167236328
3
0.0910341739654541
6
0.12149810791015625
10
0.12628602981567383
15
0.1748948097229004
21
0.2754800319671631
28
0.23612189292907715
36
0.25574803352355957
45
0.2807350158691406
55
0.3182671070098877
66
0.3422420024871826
78
0.3587069511413574
91
0.39298510551452637
105
0.45296406745910645
120
0.4415581226348877
136
0.50022292137146
153
0.5352270603179932
171
0.5325031280517578
190
0.5585269927978516
210
0.6109490394592285
231
0.586616039276123
253
0.6657919883728027
276
0.7134580612182617
300
0.7463328838348389
325
0.7788529396057129
351
0.8342180252075195
378
0.8350231647491455
406
0.9541919231414795
435
0.9277970790863037
465
1.0069329738616943
496
0.9461948871612549
528
0.9769690036773682
561
1.1055359840393066
595
1.1664979457855225
630
1.122431993484497
666
1.1580719947814941
703
1.2896409034729004
741
1.5571188926696777
780
1.4210641384124756
820
1.379108190536499
861
1.2714128494262695
903
1.2963159084320068
946
1.3376460075378418
990
1.352020025253296
1035
1.4311020374298096
1081
1.4940409660339355
1128
1.5160508155822754
1176
1.519266128540039
1225
1.5793540477752686
1275
1.5660459995269775
1326
1.5747480392456055
1378
1.6559360027313232
1431
1.6237378120422363
1485
1.7099668979644775
1540
1.8127779960632324
1596
1.7850658893585205
1653
1.7885351181030273
1711
1.847963809967041
1770
1.884436845779419
1830
1.9236030578613281
1891
1.9885430335998535
1953
2.04443621635437
2016
2.0275089740753174
2080
2.6291539669036865
2145
2.3938698768615723
2211
2.483855962753296
2278
2.901366949081421
2346
2.6341450214385986
2415
2.5629520416259766
2485
2.60508394241333
2556
2.8607139587402344
2628
2.884864091873169
2701
2.652756929397583
2775
2.7756218910217285
2850
2.914283037185669
2926
2.915945053100586
3003
3.106086015701294
3081
2.8266258239746094
3160
2.9016129970550537