0.08942890167236328
0.0910341739654541
0.12149810791015625
0.12628602981567383
0.1748948097229004
0.2754800319671631
0.23612189292907715
0.25574803352355957
0.2807350158691406
0.3182671070098877
0.3422420024871826
0.3587069511413574
0.39298510551452637
0.45296406745910645
0.4415581226348877
0.50022292137146
0.5352270603179932
0.5325031280517578
0.5585269927978516
0.6109490394592285
0.586616039276123
0.6657919883728027
0.7134580612182617
0.7463328838348389
0.7788529396057129
0.8342180252075195
0.8350231647491455
0.9541919231414795
0.9277970790863037
1.0069329738616943
0.9461948871612549
0.9769690036773682
1.1055359840393066
1.1664979457855225
1.122431993484497
1.1580719947814941
1.2896409034729004
1.5571188926696777
1.4210641384124756
1.379108190536499
1.2714128494262695
1.2963159084320068
1.3376460075378418
1.352020025253296
1.4311020374298096
1.4940409660339355
1.5160508155822754
1.519266128540039
1.5793540477752686
1.5660459995269775
1.5747480392456055
1.6559360027313232
1.6237378120422363
1.7099668979644775
1.8127779960632324
1.7850658893585205
1.7885351181030273
1.847963809967041
1.884436845779419
1.9236030578613281
1.9885430335998535
2.04443621635437
2.0275089740753174
2.6291539669036865
2.3938698768615723
2.483855962753296
2.901366949081421
2.6341450214385986
2.5629520416259766
2.60508394241333
2.8607139587402344
2.884864091873169
2.652756929397583
2.7756218910217285
2.914283037185669
2.915945053100586
3.106086015701294
2.8266258239746094
2.9016129970550537